0.011
0.011
0.068
0.13
0.13
0.143
0.137
0.138
0.018
0.066
0.164
0.24
0.29
0.311
0.342
0.358
0.376
0.018
0.066
0.164
0.24
0.29
0.311
0.342
0.358
0.376
0.394
0.419
0.429
0.45
0.461
0.48
0.468
0.478
0.489
0.514
0.504
0.508
0.527
0.526
0.536
0.545
0.551
0.56
0.562
0.577
0.589
0.593
0.594
0.6
0.615
0.606
0.626
0.627
0.636
0.645
0.653
0.663
0.652
0.666
0.661
0.67
0.682
0.686
0.685
0.696
0.687
0.705
0.696
0.704
0.705
0.715
0.704
0.727
0.724
0.729
0.738
0.732
0.736
0.73
0.745
0.736
0.741
0.751
0.737
0.743
0.749
0.749
0.753
0.766
0.761
0.757
0.768
0.772
0.762
0.76
0.768
0.783
0.782
0.782
0.781
0.765
0.78
0.779
0.801
0.785
0.791
0.785
0.789
0.787
0.791
0.796
0.795
0.794
0.779
0.804
0.795
0.794
0.801
0.794
0.814
0.801
0.803
0.815
0.81
0.806
0.814
0.807
0.798
0.808
0.807
0.813
0.822
0.808
0.808
0.815
0.802
0.816
0.817
0.811
0.815
0.808
0.816
0.812
0.812
0.816
0.816
0.811
0.816
0.821
0.819
0.816
0.819
0.822
0.819
0.829
0.818
0.828
0.827
0.826
0.833
0.818
0.836
0.829
0.822
0.825
0.831
0.821
0.826
0.833
0.832
0.826
0.827
0.834
0.846
0.832
0.832
0.837
0.823
0.847
0.843
0.839
0.833
0.831
0.834
0.838
0.839
0.837
0.839
0.825
0.831
0.841
0.838
0.851
0.018
0.066
0.164
0.24
0.29
0.311
0.342
0.358
0.376
0.394
0.419
0.429
0.45
0.461
0.48
0.468
0.478
0.489
0.514
0.504
0.508
0.527
0.526
0.536
0.545
0.551
0.56
0.562
0.577
0.589
0.593
0.594
0.6
0.615
0.606
0.626
0.627
0.636
0.645
0.653
0.663
0.652
0.666
0.661
0.67
0.682
0.686
0.685
0.696
0.687
0.705
0.696
0.704
0.705
0.715
0.704
0.727
0.724
0.729
0.738
0.732
0.736
0.73
0.745
0.736
0.741
0.751
0.737
0.743
0.749
0.749
0.753
0.766
0.761
0.757
0.768
0.772
0.762
0.76
0.768
0.783
0.782
0.782
0.781
0.765
0.78
0.779
0.801
0.785
0.791
0.785
0.789
0.787
0.791
0.796
0.795
0.794
0.779
0.804
0.795
0.794
0.801
0.794
0.814
0.801
0.803
0.815
0.81
0.806
0.814
0.807
0.798
0.808
0.807
0.813
0.822
0.808
0.808
0.815
0.802
0.816
0.817
0.811
0.815
0.808
0.816
0.812
0.812
0.816
0.816
0.811
0.816
0.821
0.819
0.816
0.819
0.822
0.819
0.829
0.818
0.828
0.827
0.826
0.833
0.818
0.836
0.829
0.822
0.825
0.831
0.821
0.826
0.833
0.832
0.826
0.827
0.834
0.846
0.832
0.832
0.837
0.823
0.847
0.843
0.839
0.833
0.831
0.834
0.838
0.839
0.837
0.839
0.825
0.831
0.841
0.838
0.851
0.839
0.842
0.837
0.839
0.843
0.84
0.833
0.839
0.844
0.842
0.843
0.852
0.846
0.838
0.843
0.846
0.843
0.837
0.847
0.84
0.836
0.841
0.855
0.856
0.846
0.852
0.853
0.852
0.855
0.847
0.853
0.854
0.849
0.838
0.85
0.849
0.857
0.848
0.859
0.847
0.857
0.85
0.858
0.847
0.855
0.849
0.86
0.861
0.857
0.86
0.854
0.862
0.849
0.854
0.857
0.86
0.867
0.857
0.848
0.859
0.863
0.861
0.864
0.871
0.861
0.859
0.863
0.86
0.856
0.863
0.859
0.864
0.852
0.863
0.863
0.863
0.855
0.867
0.863
0.862
0.875
0.867
0.869
0.852
0.865
0.868
0.869
0.866
0.869
0.862
0.871
0.87
0.866
0.878
0.871
0.869
0.87
0.877
0.879
0.868
0.877
0.884
0.866
0.877
0.876
0.865
0.878
0.88
0.868
0.863
0.879
0.876
0.866
0.874
0.874
0.874
0.877
0.88
0.874
0.886
0.874
0.872
0.88
0.879
0.887
0.878
0.882
0.88
0.876
0.877
0.873
0.877
0.883
0.88
0.877
0.881
0.87
0.876
0.875
0.888
0.888
0.872
0.877
0.874
0.883
0.882
0.884
0.869
0.883
0.885
0.889
0.888
0.885
0.888
0.884
0.888
0.883
0.88
0.883
0.895
0.883
0.886
0.885
0.89
0.879
0.877
0.884
0.873
0.882
0.885
0.888
0.887
0.893
0.892
0.886
0.89
0.893
0.883
0.889
0.89
0.894
0.881
0.887
0.89
0.88
0.882
0.887
0.895
0.894
0.888
0.885
0.899
0.89
0.889
0.892
0.9
0.889
0.891
0.896
0.895
0.893
0.883
0.892
0.898
0.89
0.889
0.883
0.899
0.887
0.885
0.889
0.896
0.896
0.897
0.893
0.887
0.891
0.9
0.893
0.902
0.901
0.886
0.896
0.898
0.892
0.888
0.898
0.896
0.892
0.885
0.89
0.89
0.899
0.892
0.897
0.891
0.905
0.896
0.896
0.905
0.899
0.889
0.892
0.895
0.9
0.897
0.898
0.897
0.901
0.005
0.017
0.051
0.074
0.104
0.115
0.005
0.017
0.051
0.074
0.104
0.115
0.142
0.137
0.163
0.164
0.188
0.203
0.213
0.228
0.234
0.244
0.25
0.261
0.276
0.286
0.289
0.293
0.309
0.308
0.338
0.359
0.344
0.368
0.361
0.39
0.402
0.415
0.393
0.417
0.431
0.444
0.454
0.459
0.46
0.487
0.478
0.486
0.51
0.502
0.523
0.52
0.521
0.531
0.562
0.515
0.54
0.551
0.534
0.565
0.555
0.536
0.565
0.578
0.552
0.597
0.6
0.57
0.586
0.005
0.017
0.051
0.074
0.104
0.115
0.142
0.137
0.163
0.164
0.188
0.203
0.213
0.228
0.234
0.244
0.25
0.261
0.276
0.286
0.289
0.293
0.309
0.308
0.338
0.359
0.344
0.368
0.361
0.39
0.402
0.415
0.393
0.417
0.431
0.444
0.454
0.459
0.46
0.487
0.478
0.486
0.51
0.502
0.523
0.52
0.521
0.531
0.562
0.515
0.54
0.551
0.534
0.565
0.555
0.536
0.565
0.578
0.552
0.597
0.6
0.57
0.586
0.592
0.592
0.598
0.621
0.609
0.611
0.59
0.652
0.635
0.67
0.654
0.652
0.66
0.643
0.681
0.643
0.646
0.707
0.688
0.668
0.672
0.679
0.676
0.7
0.701
0.728
0.694
0.688
0.676
0.68
0.7
0.692
0.703
0.722
0.665
0.716
0.72
0.662
0.707
0.688
0.759
0.719
0.687
0.705
0.699
0.722
0.728
0.739
0.732
0.688
0.691
0.748
0.738
0.702
0.699
0.752
0.685
0.711
0.743
0.696
0.728
0.765
0.739
0.737
0.722
0.765
0.737
0.728
0.716
0.711
0.736
0.724
0.73
0.771
0.746
0.781
0.728
0.738
0.776
0.763
0.757
0.739
0.77
0.771
0.737
0.751
0.761
0.714
0.765
0.762
0.76
0.753
0.759
0.735
0.78
0.755
0.776
0.761
0.741
0.755
0.792
0.757
0.758
0.782
0.804
0.788
0.793
0.757
0.796
0.747
0.758
0.76
0.74
0.795
0.775
0.764
0.792
0.771
0.793
0.761
0.759
0.755
0.814
0.813
0.778
0.809
0.748
0.773
0.803
0.789
0.769
0.775
0.784
0.771
0.765
0.754
0.81
0.776
0.762
0.766
0.8
0.786
0.822
0.8
0.8
0.792
0.781
0.789
0.798
0.806
0.802
0.79
0.813
0.801
0.819
0.77
0.805
0.78
0.792
0.779
0.814
0.814
0.786
0.803
0.796
0.772
0.782
0.78
0.827
0.83
0.844
0.797
0.814
0.844
0.82
0.81
0.792
0.857
0.8
0.808
0.819
0.773
0.78
0.839
0.808
0.804
0.779
0.799
0.804
0.848
0.78
0.855
0.788
0.803
0.841
0.788
0.834
0.828
0.844
0.8
0.837
0.839
0.856
0.813
0.822
0.818
0.791
0.837
0.866
0.815
0.835
0.834
0.85
0.812
0.808
0.843
0.843
0.868
0.839
0.827
0.848
0.84
0.804
0.855
0.839
0.832
0.828
0.852
0.829
0.833
0.869
0.828
0.834
0.864
0.845
0.856
0.838
0.849
0.863
0.85
0.852
0.845
0.837
0.834
0.836
0.836
0.841
0.813
0.88
0.868
0.844
0.827
0.823
0.876
0.836
0.822
0.828
0.813
0.832
0.826
0.842
0.81
0.845
0.855
0.879
0.848
0.853
0.864
0.87
0.832
0.862
0.855
0.849
0.89
0.851
0.863
0.853
0.849
0.84
0.826
0.852
0.832
0.817
0.842
0.851
0.835
0.877
0.856
0.865
0.861
0.854
0.864
0.875
0.883
0.851
0.857
0.844
0.861
0.844
0.847
0.864
0.886
0.877
0.883
0.858
0.878
0.878
0.876
0.851
0.902
0.874
0.893
0.869
0.882
0.839
0.851
0.878
0.888
0.847
0.841
0.874
0.868
0.867
0.859
0.88
0.858
0.891
0.858
0.882
0.856
0.857
0.885
0.851
0.899
0.875
0.872
0.897
0.876
0.86
0.847
0.897
0.871
0.875
0.856
0.84
0.868
0.846
0.86
0.875
0.867
0.879
0.863
0.88
0.849
0.891
0.862
0.891
0.855
0.887
0.883
0.882
0.906
0.885
0.862
0.874
0.871
0.857
0.878
0.86
0.902
0.9
0.855
0.878
0.878
0.866
0.895
0.894
0.86
0.877
0.871
0.881
0.884
0.88
0.906
0.887
0.904
0.896
0.9
0.872
0.896
0.888
0.873
0.88
0.887
0.885
0.874
0.862
0.822
0.884
0.892
0.894
0.85
0.882
0.87
0.896
0.901
0.886
0.885
0.883
0.896
0.878
0.888
0.914
0.91
0.899
0.875
0.866
0.855
0.914
0.857
0.894
0.908
0.866
0.884
0.92
0.88
0.9
0.913
0.889
0.903
0.884
0.872
0.899
0.872
0.903
0.876
0.86
0.889
0.891
0.894
0.905
0.897
0.9
0.913
0.906
0.91
0.885
0.885
0.91
0.888
0.883
0.901
0.9
0.905
0.908
0.886
0.891
0.903
0.902
0.885
0.889
0.882
0.896
0.901
0.891
0.892
0.882
0.901
0.895
0.913
0.88
0.911
0.892
0.873
0.904
0.924
0.896
0.907
0.882
0.898
0.901
0.9
0.918
0.896
0.91
0.895
0.908
0.922
0.889
0.892
0.886
0.91
0.883
0.908
0.911
0.908
0.853
0.866
0.863
0.909
0.92
0.902
0.907
0.894
0.927
0.904
0.903
0.877
0.896
0.915
0.893
0.919
0.934
0.889
0.896
0.916
0.908
0.893
0.917
0.881
0.884
0.917
0.912
0.906
0.909
0.913
0.9
0.936
0.903
0.898
0.887
0.893
0.899
0.916
0.891
0.907
0.912
0.915
0.935
0.878
0.903
0.892
0.91
0.909
0.921
0.917
0.91
0.903
0.912
0.914
0.916
0.895
0.91
0.907
0.904
0.913
0.876
0.919
0.934
0.884
0.89
0.886
0.9
0.895
0.898
0.914
0.885
0.908
0.915
0.884
0.896
0.867
0.9
0.918
0.907
0.885
0.896
0.923
0.917
0.908
0.91
0.906
0.937
0.925
0.893
0.91
0.915
0.918
0.904
0.907
0.925
0.894
0.902
0.934
0.894
0.925
0.89
0.909
0.913
0.895
0.904
0.908
0.909
0.901
0.901
0.92
0.917
0.895
0.908
0.92
0.885
0.899
0.882
0.936
0.909
0.914
0.91
0.917
0.92
0.936
0.913
0.89
0.926
0.903
0.883
0.903
0.903
0.928
0.918
0.925
0.895
0.91
0.878
0.914
0.92
0.916
0.932
0.921
0.904
0.902
0.922
0.92
0.914
0.92
0.926
0.892
0.91
0.923
0.914
0.902
0.924
0.916
0.915
0.908
0.871
0.869
0.912
0.915
0.928
0.889
0.896
0.924
0.905
0.905
0.923
0.896
0.921
0.927
0.899
0.906
0.924
0.917
0.91
0.919
0.916
0.913
0.915
0.915
0.911
0.921
0.914
0.91
0.921
0.927
0.915
0.91
0.905
0.9
0.937
0.921
0.928
0.918
0.92
0.929
0.932
0.913
0.918
0.916
0.933
0.923
0.913
0.913
0.911
0.941
0.91
0.91
0.931
0.93
0.918
0.921
0.927
0.924
0.915
0.933
0.898
0.894
0.911
0.902
0.899
0.912
0.911
0.925
0.92
0.929
0.933
0.935
0.932
0.906
0.919
0.916
0.939
0.907
0.932
0.922
0.936
0.924
0.925
0.924
0.912
0.931
0.923
0.922
0.92
0.923
0.918
0.917
0.918
0.918
0.944
0.929
0.925
0.932
0.91
0.938
0.934
0.917
0.91
0.916
0.913
0.898
0.932
0.914
0.927
0.922
0.926
0.912
0.9
0.898
0.918
0.929
0.929
0.944
0.929
0.928
0.911
0.91
0.908
0.928
0.923
0.936
0.91
0.913
0.921
0.923
0.94
0.932
0.933
0.921
0.904
0.929
0.918
0.914
0.925
0.904
0.925
0.926
0.926
0.907
0.913
0.938
0.927
0.902
0.933
0.926
0.938
0.931
0.927
0.921
0.922
0.939
0.912
0.912
0.921
0.911
0.923
0.918
0.929
0.914
0.899
0.93
0.919
0.937
0.933
0.91
0.928
0.927
0.918
0.93
0.908
0.938
0.915
0.932
0.948
0.922
0.934
0.941
0.927
0.941
0.927
0.924
0.926
0.907
0.907
0.893
0.941
0.931
0.944
0.923
0.914
0.921
0.936
0.938
0.931
0.912
0.918
0.906
0.913
0.922
0.931
0.927
0.912
0.939
0.937
0.919
0.932
0.924
0.935
0.927
0.922
0.915
0.888
0.936
0.922
0.926
0.92
0.929
0.925
0.924
0.924
0.916
0.936
0.922
0.945
0.922
0.928
0.919
0.924
0.91
0.897
0.93
0.918
0.908
0.946
0.924
0.934
0.934
0.928
0.92
0.909
0.933
0.926
0.903
0.91
0.925
0.923
0.931
0.911
0.932
0.935
0.951
0.949
0.918
0.925
0.943
0.927
0.931
0.921
0.929
0.93
0.914
0.919
0.905
0.937
0.927
0.919
0.916
0.94
0.914
0.919
0.935
0.928
0.921
0.941
0.929
0.904
0.933
0.934
0.921
0.927
0.949
0.941
0.94
0.931
0.923
0.927
0.927
0.932
0.937
0.934
0.931
0.926
0.926
0.944
0.924
0.932
0.927
0.91
0.937
0.952
0.93
0.927
0.941
0.907
0.934
0.887
0.917
0.934
0.941
0.949
0.929
0.928
0.943
0.931
0.93
0.934
0.943
0.947
0.944
0.92
0.933
0.924
0.93
0.922
0.917
0.916
0.932
0.94
0.935
0.922
0.936
0.91
0.915
0.915
0.944
0.918
0.917
0.947
0.932
0.935
0.943
0.928
0.932
0.94
0.924
0.937
0.931
0.915
0.923
0.936
0.922
0.941
0.931
0.914
0.924
0.923
0.935
0.93
0.926
0.928
0.92
0.913
0.932
0.945
0.919
0.936
0.946
0.927
0.928
0.935
0.911
0.937
0.922
0.929
0.928
0.951
0.913
0.941
0.91
0.927
0.919
0.933
0.949
0.958
0.925
0.937
0.917
0.94
0.948
0.937
0.907
0.939
0.933
0.934
0.938
0.934
0.927
0.909
0.921
0.945
0.95
0.933
0.923
0.915
0.926
0.938
0.947
0.931
0.927
0.919
0.914
0.916
0.93
0.925
0.919
0.929
0.948
0.946
0.935
0.942
0.931
0.928
0.934
0.935
0.927
0.9
0.907
0.933
0.938
0.937
0.929
0.92
0.938
0.94
0.95
0.939
0.937
0.916
0.931
0.954
0.926
0.938
0.936
0.943
0.943
0.923
0.941
0.917
0.941
0.948
0.939
0.93
0.93
0.917
0.945
0.945
0.921
0.945
0.936
0.933
0.933
0.94
0.952
0.951
0.942
0.947
0.928
0.914
0.921
0.913
0.919
0.939
0.925
0.918
0.943
0.92
0.942
0.935
0.934
0.942
0.917
0.925
0.936
0.939
0.925
0.93
0.936
0.942
0.917
0.933
0.949
0.936
0.95
0.923
0.942
0.932
0.943
0.948
0.934
0.925
0.918
0.912
0.947
0.941
0.93
0.935
0.946
0.936
